Location	Sex	GATA028_1	GATA028_2	GATA098_1	GATA098_2	GATA417_1	GATA417_2	GT023_1	GT023_2	GT541_1	GT541_2	CA234_1	CA234_2	Dde09_1	Dde09_2	Dde70_1	Dde70_2	Bmy1_1	Bmy1_2	Bmy8_1	Bmy8_2	Bmy11_1	Bmy11_2	Bmy14_1	Bmy14_2	Bmy33_1	Bmy33_2	Bmy41_1	Bmy41_2	Bmy42_1	Bmy42_2	Bmy53_1	Bmy53_2	Bmy57_1	Bmy57_2	Tur4_87_1	Tur4_87_2	Tur4_141_1	Tur4_141_2	BM032_1	BM032_2	BM261_1	BM261_2
Antarctica	F	189	189	119	123	226	234	137	145	98	114	216	216	238	238	142	156	265	271	162	172	249	257	180	182	154	156	209	209	173	175	198	200	179	183	192	195	268	272	252	261	203	207
Antarctica	M	165	201	115	127	230	234	139	139	112	114	228	228	230	242	146	154	269	275	160	162	253	263	182	182	150	154	169	193	173	175	200	206	169	175	192	199	268	272	261	261	207	207
Antarctica	M	193	197	91	119	230	298	139	147	104	114	214	226	238	242	142	144	265	265	162	186	229	249	182	182	150	156	196	209	175	175	200	200	175	187	195	195	264	280	252	261	205	207
Antarctica	F	189	201	127	135	238	242	137	139	106	108	216	224	230	242	146	154	265	275	168	172	251	263	182	182	152	156	195	195	175	175	200	208	171	177	192	199	252	272	252	252	199	207
Antarctica	M	197	201	127	131	226	226	145	153	106	112	226	230	238	238	146	146	265	277	162	190	267	269	182	182	150	154	169	195	175	175	200	200	187	189	192	192	263	276	252	261	199	209
Antarctica	M	169	197	127	127	218	238	135	139	108	118	222	222	234	246	146	146	273	275	162	168	249	257	182	182	150	150	169	195	175	175	200	200	171	177	199	199	263	276	252	252	203	209
Antarctica	F	189	205	123	127	194	230	141	141	106	112	216	228	234	238	146	146	271	277	162	172	243	259	184	184	150	154	197	197	173	175	198	200	173	179	192	199	268	268	252	252	203	207
Antarctica	M	165	185	91	119	194	234	137	139	106	106	218	224	242	254	146	154	267	269	162	162	249	263	182	182	152	154	169	171	173	173	200	208	177	189	192	195	268	272	252	252	207	209
Antarctica	M	193	197	115	127	226	302	137	147	106	114	220	226	242	242	146	154	269	271	162	184	0	0	182	182	156	158	169	205	173	175	196	198	171	185	192	199	264	276	252	261	207	207
Antarctica	M	185	201	103	127	210	234	137	137	112	112	216	224	238	238	146	154	267	275	162	168	255	265	182	182	150	154	175	195	173	173	202	206	179	193	195	199	271	272	252	261	205	207
Antarctica	F	169	189	123	123	238	298	137	145	106	106	212	216	234	242	146	150	265	275	162	168	257	267	182	182	150	154	173	209	175	175	200	200	171	171	195	195	264	268	252	261	203	209
Antarctica	F	189	193	0	0	218	226	135	147	108	110	210	228	238	242	0	0	273	275	162	162	245	257	182	182	154	154	195	201	175	175	196	200	171	171	192	195	264	268	252	252	199	207
Antarctica	F	165	201	123	123	230	298	137	147	106	108	216	218	234	242	150	154	265	277	162	162	261	267	182	184	150	154	169	209	173	175	200	200	171	183	195	199	264	272	252	252	203	207
Antarctica	M	169	197	123	131	242	298	137	145	102	106	216	226	234	238	150	154	265	275	162	162	245	267	182	182	154	154	169	209	175	175	200	206	171	181	192	195	264	268	252	261	207	209
Antarctica	M	189	193	115	127	226	242	137	143	108	114	224	228	242	242	144	154	269	269	162	168	257	257	182	182	150	158	169	210	175	175	196	206	185	189	199	199	268	272	252	261	199	207
Antarctica	M	185	201	127	131	218	234	137	139	104	108	226	228	234	246	154	154	265	275	162	170	229	257	180	184	150	156	197	206	175	175	196	202	169	169	192	195	252	280	252	252	203	207
Antarctica	M	193	201	91	127	230	242	137	139	108	108	224	226	230	246	146	154	265	269	162	172	257	263	180	182	150	156	195	206	175	175	200	206	171	193	195	199	252	268	252	252	203	207
Antarctica	M	165	197	95	127	206	226	137	139	106	112	220	226	234	242	146	146	265	277	162	168	249	257	182	182	150	154	169	169	175	175	196	200	171	189	192	192	276	276	252	261	207	207
Antarctica	M	193	209	127	131	226	226	133	139	106	110	210	226	234	254	144	154	265	275	162	172	245	253	182	184	156	156	163	169	173	175	200	200	169	183	195	199	268	272	252	261	199	201
Antarctica	F	165	193	111	131	194	242	135	137	102	102	210	226	242	242	144	144	269	269	162	168	253	257	182	182	150	150	163	195	173	173	200	208	171	175	195	199	268	272	261	261	207	207
Antarctica	M	165	201	115	131	222	230	139	143	112	112	226	228	234	234	146	148	277	279	162	166	257	263	182	182	150	154	169	203	173	175	196	200	171	191	188	199	272	280	252	261	199	207
Antarctica	F	201	209	99	119	230	234	139	145	106	110	216	226	246	246	154	154	261	265	164	168	251	257	182	182	150	150	171	210	175	175	200	202	181	181	188	195	272	276	261	261	203	207
Antarctica	F	165	185	119	123	222	246	139	145	104	108	226	228	238	242	144	146	269	277	166	184	235	237	182	182	154	158	169	169	173	173	200	206	169	169	195	195	267	268	252	252	207	207
Antarctica	M	169	189	123	127	226	230	133	141	102	106	226	228	242	246	154	154	275	279	168	172	245	253	182	182	154	156	169	195	173	175	200	202	171	185	192	192	268	272	261	261	203	205
Antarctica	M	201	201	111	123	230	194	145	147	100	106	214	230	234	234	148	156	269	275	162	188	235	257	182	182	150	154	171	195	175	175	200	202	171	183	192	199	268	272	252	252	201	209
Antarctica	M	201	201	123	127	234	234	137	137	112	114	218	228	242	246	144	154	267	269	170	170	255	259	182	202	152	156	169	171	173	175	200	202	179	185	192	195	272	272	252	261	199	199
Antarctica	M	189	193	127	131	226	290	135	147	106	110	222	228	242	254	146	146	273	281	162	162	237	259	182	182	150	150	169	195	173	175	200	200	169	171	195	199	264	271	252	252	207	209
Antarctica	F	165	193	127	131	194	242	145	145	108	114	220	232	238	258	144	154	265	265	162	162	267	277	182	182	150	154	199	199	173	175	202	206	169	187	192	199	264	268	252	261	207	207
Antarctica	F	189	209	123	123	218	230	131	145	106	108	226	230	242	242	144	146	277	277	162	162	251	261	182	184	150	150	169	169	173	175	202	206	183	185	188	188	280	286	252	252	207	207
Antarctica	M	189	201	119	123	226	234	141	147	100	106	222	226	242	242	154	154	265	267	162	174	255	257	182	182	150	154	173	195	173	175	196	200	171	171	188	192	276	280	252	261	203	207
Antarctica	F	197	201	123	123	230	234	147	147	106	114	210	228	234	234	154	154	277	277	162	162	255	261	182	182	150	154	169	173	175	175	200	200	171	175	184	199	272	280	252	261	205	207
Antarctica	F	197	205	115	127	226	238	139	147	98	114	220	224	242	246	146	154	265	269	162	166	237	261	182	182	154	158	169	206	173	175	196	200	171	185	192	199	264	264	261	261	203	207
Antarctica	M	193	201	91	127	222	230	139	139	108	110	224	226	230	242	144	154	269	269	162	162	257	263	180	184	150	154	199	206	173	175	200	200	171	179	195	195	268	268	252	252	207	207
Antarctica	M	165	205	127	127	230	230	139	141	106	106	218	222	238	246	142	142	267	281	162	186	255	261	182	184	150	156	171	204	173	175	200	208	177	183	188	195	268	272	252	252	207	207
Antarctica	M	189	193	123	127	230	230	139	139	108	114	216	226	230	262	146	154	271	279	162	164	257	257	182	198	150	152	169	171	173	175	200	202	169	181	192	195	272	272	252	261	207	207
Antarctica	F	165	197	95	131	226	230	139	139	106	110	208	226	234	242	144	146	265	269	162	166	253	253	182	182	154	156	163	169	175	175	200	206	169	189	195	199	272	272	252	252	199	199
Antarctica	F	165	197	103	127	226	226	137	137	106	112	220	228	234	238	146	154	265	275	162	168	257	259	180	182	150	154	173	210	173	175	206	206	175	179	192	199	268	272	252	252	203	207
Antarctica	M	197	209	127	127	234	234	131	145	106	106	226	226	254	258	144	154	265	275	162	168	251	259	182	182	150	154	171	210	175	175	202	208	181	181	199	199	272	272	261	261	207	207
Antarctica	F	193	197	123	127	206	218	137	145	100	114	222	224	246	250	144	146	269	275	162	188	257	257	182	182	150	156	169	210	173	175	202	206	181	193	195	199	272	272	252	261	203	207
Antarctica	M	165	197	95	123	206	230	139	139	106	106	208	220	234	250	146	146	265	269	166	168	249	253	182	182	150	154	169	199	175	175	200	208	183	189	192	195	272	276	252	252	199	207
Antarctica	F	185	189	119	127	230	234	137	139	104	108	226	228	234	238	154	154	265	275	162	166	229	249	184	184	150	154	171	173	173	175	196	206	175	179	192	195	268	268	252	252	199	207
Antarctica	M	193	201	115	127	210	226	135	137	102	102	222	224	242	246	146	156	275	277	162	170	259	269	182	182	150	154	169	195	173	173	200	206	171	179	192	199	272	272	252	252	207	207
Antarctica	F	189	189	99	119	226	226	137	139	102	108	220	228	242	246	146	146	261	277	164	170	259	265	182	202	150	150	169	199	173	175	202	206	179	181	195	195	268	272	252	261	199	207
Antarctica	F	197	209	123	123	218	234	145	145	100	106	224	226	242	246	154	154	265	271	162	188	257	265	180	182	150	150	169	210	173	175	198	206	169	177	195	199	272	272	252	261	207	207
Antarctica	M	193	197	123	127	226	298	137	141	108	112	220	222	230	238	146	146	269	269	162	166	241	255	182	182	154	156	205	209	173	173	200	206	173	179	195	199	264	268	261	261	201	207
Antarctica	F	169	197	99	119	222	234	141	145	98	114	226	228	242	242	148	148	265	275	162	174	247	257	182	182	150	156	169	169	173	175	202	206	173	175	192	195	264	267	252	252	199	207
Antarctica	F	189	197	127	131	230	242	139	145	108	114	226	228	230	238	146	154	277	281	162	168	253	257	182	182	150	154	169	169	173	175	202	206	171	179	192	192	268	272	0	0	207	207
Antarctica	M	197	201	99	127	194	234	137	139	104	114	216	230	242	242	154	154	269	279	162	168	237	259	182	184	150	154	175	195	173	173	200	202	171	179	192	192	268	272	252	261	203	203
Antarctica	M	189	201	99	127	238	242	137	139	106	112	224	224	242	242	144	146	267	267	166	168	249	263	182	198	150	154	194	207	175	175	198	200	167	175	192	199	268	272	252	261	203	207
Antarctica	F	193	201	127	131	226	238	139	139	104	104	220	224	238	238	144	148	269	269	162	168	253	265	182	182	150	154	197	199	173	173	200	200	171	175	188	195	264	264	252	252	207	209
Antarctica	F	189	189	119	123	226	230	145	145	104	108	226	228	242	246	144	144	269	275	162	188	249	255	182	182	150	150	195	210	173	175	200	208	169	169	192	195	272	276	252	252	207	207
Antarctica	F	193	193	127	127	222	234	139	139	108	108	220	226	242	242	144	154	269	269	162	168	257	257	182	184	154	158	171	199	173	173	202	202	185	185	195	199	268	268	252	252	207	207
Antarctica	M	193	209	111	111	226	234	139	139	102	106	210	226	242	254	146	146	265	269	162	162	251	255	182	182	154	156	163	169	175	175	200	200	153	169	199	199	264	276	252	252	203	209
Antarctica	M	189	197	119	127	226	230	137	139	112	114	218	222	238	242	144	146	267	279	166	180	235	249	182	198	152	154	169	171	173	175	200	206	153	189	192	192	264	272	261	261	207	207
Antarctica	M	189	201	103	131	214	230	137	147	100	106	214	216	250	250	146	148	269	271	162	166	257	267	182	182	144	154	195	197	173	175	198	200	171	177	192	195	268	272	252	252	209	209
Antarctica	M	189	205	127	127	194	298	137	141	106	108	216	226	234	242	144	148	275	277	162	172	249	249	182	184	150	154	175	193	173	175	196	196	153	179	192	192	263	268	252	252	203	207
Antarctica	M	165	201	95	123	206	230	137	139	106	106	208	228	234	258	146	146	265	265	162	168	245	253	182	182	150	154	169	175	173	175	200	206	175	183	192	195	272	272	252	252	207	207
Antarctica	F	165	201	127	127	226	298	137	141	106	108	226	228	234	242	146	148	267	277	162	184	249	267	182	182	150	154	171	173	173	175	200	206	171	171	192	195	268	272	252	252	203	207
Antarctica	M	189	193	123	127	194	234	139	139	106	108	216	226	246	246	146	146	265	265	162	162	249	257	180	182	154	156	169	193	173	175	202	206	171	187	192	195	252	272	252	252	207	207
Antarctica	F	185	193	123	127	194	234	137	137	100	112	218	224	234	238	146	154	265	281	162	162	257	261	182	184	154	154	171	194	175	175	196	200	171	175	192	195	272	272	252	252	209	209
Antarctica	M	165	193	123	127	234	238	137	141	106	106	228	232	242	254	144	154	265	275	162	166	245	263	181	184	152	158	175	195	173	175	200	202	171	179	192	195	268	272	261	261	203	209
Antarctica	M	189	193	119	135	194	222	137	143	106	106	220	222	246	246	146	154	269	281	162	162	253	255	182	182	150	154	169	203	173	175	200	202	171	171	199	199	264	272	252	261	207	207
Antarctica	M	189	201	123	127	226	234	137	137	108	114	220	230	238	258	146	154	265	269	162	168	247	265	182	184	150	158	169	201	173	175	196	206	169	171	195	199	268	272	252	261	205	207
Antarctica	M	165	193	127	127	234	238	139	139	106	118	226	228	234	242	146	146	269	275	168	172	261	261	182	184	150	150	171	195	173	173	200	200	171	171	192	195	263	276	252	252	203	209
Antarctica	F	185	193	119	127	210	230	139	143	102	110	222	226	238	238	146	156	265	283	168	172	255	265	182	182	150	156	169	203	173	175	196	206	173	179	195	199	272	284	252	252	203	207
Antarctica	M	189	197	127	127	202	222	139	145	110	110	218	228	242	246	144	146	269	279	162	166	251	261	182	184	150	156	169	175	175	175	196	200	153	191	199	199	272	276	252	252	203	207
Antarctica	F	185	201	119	123	194	234	139	145	108	112	224	228	242	246	146	154	269	269	162	162	245	245	182	186	150	152	165	195	173	175	200	200	171	177	184	199	263	272	252	252	203	203
Antarctica	M	189	205	119	131	206	302	141	145	114	114	218	220	242	246	142	154	269	275	162	162	237	261	182	182	150	158	209	209	173	173	200	202	153	179	192	199	272	272	252	261	201	207
Antarctica	M	193	197	127	131	226	234	137	143	102	114	224	224	242	246	148	154	269	275	164	164	237	249	182	182	150	150	210	210	173	175	200	206	171	175	192	199	268	280	261	261	203	207
Antarctica	M	165	189	95	123	234	234	137	139	106	116	230	232	242	242	146	154	265	275	162	164	237	255	181	182	152	154	169	195	175	175	206	208	169	171	192	199	268	276	252	261	199	203
Antarctica	F	189	189	127	131	226	226	137	145	114	114	224	226	246	250	146	146	273	277	162	162	241	255	182	198	150	154	191	195	173	173	200	200	181	193	192	192	272	272	252	261	203	203
Antarctica	M	169	197	127	135	222	234	139	143	106	112	216	220	234	238	146	154	257	269	162	166	261	265	182	182	154	154	169	195	173	175	196	206	179	185	192	192	264	272	252	252	203	207
Antarctica	M	165	189	119	127	206	234	137	143	106	108	220	228	238	250	154	154	265	279	162	168	245	263	182	198	150	154	199	210	173	173	200	206	175	187	195	199	256	276	252	252	205	207
Antarctica	F	201	209	123	127	206	230	137	143	106	108	210	228	242	250	144	146	265	279	162	166	247	263	182	184	150	154	169	193	173	175	196	200	179	191	192	195	267	276	261	261	207	207
Antarctica	M	165	189	115	115	210	230	135	139	102	112	226	228	242	254	144	148	257	277	168	170	237	253	184	184	150	154	169	195	173	175	200	206	169	181	192	199	268	272	252	261	203	207
Antarctica	F	197	201	123	127	226	226	137	139	106	112	220	226	242	254	146	154	265	271	168	170	249	255	182	182	150	154	169	200	173	175	196	202	185	189	184	192	276	276	261	261	207	207
Antarctica	F	193	197	115	127	226	234	137	139	114	114	224	226	242	242	144	144	257	275	162	172	255	257	184	198	150	156	169	202	175	175	200	206	171	191	195	199	272	276	252	261	207	209
Antarctica	M	165	165	103	123	226	234	139	141	112	114	226	238	238	246	146	146	265	277	162	162	255	257	182	182	152	158	169	171	173	175	200	206	171	175	184	188	272	276	252	261	199	207
Antarctica	M	185	193	127	127	206	302	141	141	106	106	226	226	238	250	138	146	265	267	162	166	245	263	182	182	150	150	169	197	173	173	200	202	171	183	188	195	259	268	252	252	201	207
Antarctica	F	193	193	119	131	222	242	137	147	102	104	220	226	238	270	144	146	265	279	162	168	251	263	182	182	150	156	175	196	175	175	200	206	169	169	192	199	260	272	252	252	207	209
Antarctica	F	165	189	103	127	218	226	137	143	102	102	214	224	242	242	146	154	275	275	162	164	241	249	182	184	150	150	173	195	173	175	200	206	173	173	192	199	268	272	252	261	207	207
Antarctica	F	193	193	123	127	218	234	145	145	100	114	224	232	242	246	146	154	265	277	162	162	237	253	182	182	150	158	195	209	175	175	196	206	153	169	192	199	268	272	261	261	207	207
Antarctica	M	189	197	119	119	210	290	137	137	106	116	218	224	242	250	146	154	267	279	162	180	235	241	182	184	150	154	171	199	173	173	200	206	153	171	192	192	247	272	252	252	207	207
Antarctica	M	193	193	127	135	234	234	137	143	110	116	218	224	246	258	146	146	257	269	162	172	255	263	182	182	152	154	169	195	173	175	200	200	171	171	192	199	259	272	252	261	203	207
Antarctica	F	193	193	103	115	230	242	137	145	110	112	222	224	238	250	146	146	267	277	162	162	255	259	182	184	154	156	171	205	173	175	200	206	171	173	192	195	272	272	261	261	207	209
Antarctica	F	193	205	115	127	234	302	135	147	102	108	218	228	238	238	146	146	269	279	162	162	259	265	182	182	150	152	169	169	173	173	196	206	171	185	192	199	268	272	252	252	205	209
Antarctica	M	165	197	127	131	226	234	135	147	112	112	224	232	238	246	144	144	257	265	166	170	263	265	182	182	150	150	195	195	173	175	200	202	171	187	192	195	276	280	252	261	207	209
Antarctica	F	193	197	127	135	226	230	137	143	106	118	210	218	234	242	142	154	269	277	166	168	243	259	184	184	150	154	169	195	173	173	200	200	173	183	192	192	272	272	252	252	201	207
Antarctica	M	189	197	119	127	194	230	135	139	106	106	210	232	234	238	144	154	257	275	162	162	257	261	182	182	150	150	195	201	175	175	200	202	179	185	192	192	272	276	252	261	207	209
Antarctica	F	193	193	127	131	206	234	137	143	98	108	226	228	241	246	146	146	269	275	162	162	243	257	182	182	150	154	197	210	175	175	200	200	153	185	192	199	268	272	252	261	203	207
Antarctica	M	197	197	103	127	210	230	137	139	112	112	216	226	238	254	144	146	257	275	166	166	259	265	182	182	150	150	195	195	173	175	206	206	173	193	192	192	271	272	252	261	207	207
Antarctica	M	193	197	123	127	226	230	145	145	106	114	220	222	238	246	146	150	265	275	162	168	261	265	182	184	150	154	195	201	175	175	206	208	171	179	188	199	264	276	252	252	207	207
Antarctica	M	189	201	123	127	226	234	137	137	106	114	224	226	238	250	138	146	265	265	162	170	249	255	182	182	152	154	175	195	173	173	200	202	171	179	199	199	276	276	261	261	205	207
Antarctica	M	165	193	123	127	226	230	137	143	106	112	226	230	246	254	144	148	269	275	162	172	255	265	182	182	150	154	195	195	173	175	200	206	169	189	192	199	272	280	252	252	207	207
Antarctica	F	165	193	123	127	202	230	139	145	102	114	222	226	238	246	146	148	265	275	162	168	257	265	182	184	152	154	173	195	175	175	206	208	179	179	192	199	264	284	252	252	207	207
Antarctica	F	165	189	103	127	226	226	139	139	106	114	220	238	238	246	144	146	265	265	168	174	235	255	182	182	150	154	171	203	173	175	200	200	171	181	184	192	276	276	252	261	203	207
Antarctica	F	165	165	123	123	194	242	139	143	104	106	0	0	242	246	146	154	275	279	162	162	255	263	182	182	152	154	171	203	173	173	200	202	171	171	195	199	272	286	252	252	207	209
Antarctica	M	165	197	123	131	226	238	137	137	106	106	208	214	234	246	144	146	265	265	166	172	249	265	182	184	152	154	196	210	175	175	200	206	183	187	196	199	264	272	252	261	207	207
Antarctica	F	201	205	123	123	222	230	139	147	102	106	220	228	242	242	154	154	267	267	162	170	257	263	182	182	152	152	171	195	175	175	200	200	169	171	184	192	272	280	252	252	207	209
Antarctica	M	189	201	123	135	226	234	137	139	108	114	218	226	238	242	146	146	257	265	162	172	255	263	182	182	150	152	169	202	173	175	196	200	171	181	199	199	268	276	261	261	203	209
Antarctica	F	189	197	119	127	206	222	137	145	106	110	226	226	238	238	144	146	265	277	162	162	247	257	182	184	150	158	169	173	173	175	206	206	171	181	192	195	267	272	252	252	207	207
Antarctica	M	193	197	103	123	194	230	137	139	108	112	224	226	238	246	146	148	267	269	162	172	255	267	182	182	152	154	173	210	173	173	200	206	171	183	192	192	264	280	253	253	203	207
Antarctica	M	185	197	119	127	206	234	137	139	104	110	210	226	238	238	146	156	265	275	166	172	235	245	182	184	154	156	173	203	173	175	206	206	173	173	192	192	268	272	252	252	209	209
Antarctica	F	189	193	99	127	222	234	137	139	98	100	222	224	246	258	138	154	275	275	162	166	249	257	182	184	150	158	173	208	173	175	200	208	153	189	192	199	267	272	252	252	207	209
Antarctica	M	185	193	103	131	226	234	131	139	102	114	224	226	238	246	146	146	257	275	162	168	247	261	182	182	152	154	175	205	175	175	200	206	173	175	191	199	268	276	252	252	203	207
Antarctica	M	169	197	123	127	222	230	143	147	106	112	210	222	234	242	144	154	269	283	166	168	249	263	182	184	150	154	169	169	173	175	196	200	153	183	192	192	268	268	252	261	201	207
Antarctica	F	189	197	103	127	210	230	145	147	106	106	216	224	246	250	144	148	271	275	166	180	257	257	182	182	144	152	195	195	173	173	198	198	171	181	192	199	272	272	252	252	207	209
Antarctica	F	197	197	123	127	234	234	137	139	106	114	226	228	246	258	144	150	265	275	166	175	249	263	182	182	150	150	169	205	173	175	202	206	171	179	192	192	268	272	261	261	199	203
Antarctica	M	189	201	119	123	218	298	137	147	106	112	220	224	238	242	144	146	265	275	162	162	255	257	182	182	150	150	173	201	175	175	200	206	171	175	192	192	272	276	252	252	199	207
Antarctica	F	189	197	123	127	226	230	139	143	102	108	210	226	230	250	148	154	265	279	162	162	257	269	180	184	150	154	200	206	173	175	200	206	169	179	192	195	272	272	252	252	199	207
Antarctica	F	165	189	123	127	210	234	137	139	108	114	216	224	242	246	144	154	265	275	168	170	251	253	182	184	150	152	195	195	173	173	200	206	177	179	184	192	272	280	261	261	199	207
Antarctica	F	197	201	127	127	230	234	139	139	106	114	226	232	246	250	144	154	257	273	162	162	237	257	180	182	152	158	192	202	175	175	202	206	169	179	195	199	268	272	252	261	199	207
Antarctica	M	189	193	127	127	194	234	137	139	114	116	222	228	246	258	144	154	269	269	162	162	249	255	182	182	150	152	196	202	173	173	200	206	171	171	192	199	268	268	252	252	203	207
Antarctica	F	189	189	127	139	230	230	145	145	102	108	216	228	246	250	146	154	265	275	162	168	253	257	182	182	154	154	169	205	173	173	196	202	171	189	192	199	268	272	252	261	203	209
Antarctica	F	169	193	127	131	194	206	131	145	98	106	220	224	242	246	146	154	257	279	162	168	257	263	182	184	150	154	169	171	173	173	200	206	171	171	195	199	272	294	252	252	207	209
Antarctica	M	193	197	123	127	230	230	137	145	100	116	224	226	246	246	144	146	269	275	162	168	247	257	182	184	150	150	173	210	175	175	206	208	171	171	192	199	272	276	252	261	207	207
Antarctica	F	193	197	119	127	226	230	139	143	114	116	216	224	238	242	146	154	267	281	162	162	247	265	182	182	150	154	169	205	175	175	196	200	167	175	184	192	272	276	252	252	203	207
Antarctica	F	165	189	119	127	202	202	139	141	102	106	226	226	246	246	146	146	265	277	166	168	257	261	182	184	154	156	173	200	173	175	196	206	171	179	192	195	264	268	252	252	201	207
Antarctica	M	169	193	123	123	222	226	139	145	102	112	224	226	238	238	132	142	265	277	168	174	237	261	182	182	150	154	197	201	173	175	200	210	167	171	188	192	276	276	252	252	207	209
Antarctica	F	185	189	119	127	202	222	143	145	104	110	214	226	238	254	144	148	277	277	162	166	237	247	182	182	150	158	169	169	173	173	206	206	169	171	195	195	267	272	252	252	207	207
Antarctica	M	193	193	123	135	226	234	137	137	104	110	226	226	238	246	146	148	265	265	162	168	245	255	182	182	152	154	175	203	173	173	200	202	169	185	192	199	272	280	261	261	207	209
Antarctica	M	165	197	95	131	210	242	137	139	110	110	220	226	246	246	144	144	257	265	162	162	255	265	182	184	150	158	195	195	173	175	200	206	169	171	192	199	272	280	252	261	207	207
Antarctica	F	201	205	131	131	226	234	139	139	104	106	220	224	238	238	144	148	257	269	168	168	261	265	182	182	150	154	169	197	173	175	200	202	153	175	192	195	239	264	252	252	207	209
Antarctica	M	201	201	119	127	226	298	137	145	102	106	226	228	242	246	144	154	265	275	162	172	255	263	182	182	150	154	173	205	175	175	200	206	171	185	192	195	264	268	252	252	203	207
Antarctica	M	185	185	103	127	206	230	137	139	106	108	224	228	242	246	146	146	265	265	162	186	255	255	182	182	150	150	195	203	173	173	206	206	169	181	192	199	247	264	252	261	207	207
Antarctica	F	193	209	123	123	222	230	137	145	106	108	216	222	246	250	144	146	265	267	162	162	257	259	182	184	152	154	169	199	173	175	200	208	169	173	199	199	268	276	252	261	199	209
Antarctica	F	193	201	123	123	226	230	137	143	106	108	210	224	250	250	146	146	265	279	162	162	247	249	182	182	150	154	169	193	173	175	196	206	179	185	192	192	267	276	261	261	207	209
Antarctica	F	201	201	119	135	222	234	139	147	104	106	224	226	238	242	144	146	275	279	162	168	251	271	182	184	150	154	196	206	173	175	200	206	169	171	192	199	272	276	261	261	203	209
Antarctica	F	193	193	91	127	210	226	137	139	106	114	224	230	242	242	146	146	265	273	168	170	235	245	180	182	150	150	169	173	175	175	202	206	153	153	192	195	272	272	261	261	207	209
Antarctica	M	189	201	127	139	206	230	143	145	106	108	226	228	246	250	150	154	265	281	162	168	255	257	182	182	150	154	169	203	173	175	200	202	169	173	199	199	264	272	252	261	207	209
Antarctica	F	177	197	119	127	218	218	139	141	106	106	214	224	234	254	142	148	265	281	166	184	245	261	182	184	150	154	169	171	173	173	200	202	153	183	195	196	256	280	252	261	203	207
Antarctica	F	185	197	127	135	234	242	139	145	102	104	226	226	238	238	146	154	265	281	162	166	245	257	182	182	150	154	169	193	173	175	206	206	171	175	184	192	264	268	252	261	207	209
Antarctica	F	189	193	119	127	226	234	139	141	106	114	216	238	238	246	146	154	265	273	162	168	255	255	182	182	152	154	171	199	173	173	200	202	181	183	184	192	264	276	252	261	203	207
Antarctica	M	189	189	95	127	238	238	139	145	106	114	226	230	246	246	144	146	265	277	162	162	247	267	182	182	154	158	169	201	173	175	200	200	153	173	192	199	276	276	252	261	207	207
Antarctica	M	193	197	127	127	226	302	137	145	110	110	226	228	246	250	144	154	265	273	162	162	253	263	182	182	152	154	169	201	175	175	200	206	171	183	188	192	268	272	261	261	203	209
Antarctica	M	165	193	123	127	230	234	137	143	106	108	210	224	246	250	144	156	267	277	162	162	255	259	182	182	150	152	173	201	175	175	200	208	169	179	188	192	264	276	252	252	199	207
Antarctica	F	189	201	127	127	194	218	135	145	112	114	220	232	246	250	138	144	265	275	162	166	255	271	182	182	154	154	173	200	173	173	206	206	153	175	195	199	264	276	252	261	207	207
Antarctica	M	197	197	123	127	226	230	137	143	106	112	226	226	242	246	146	146	257	269	162	172	263	265	182	184	152	154	171	203	173	175	202	206	173	183	192	195	276	280	252	261	199	207
Antarctica	M	193	193	119	127	210	234	137	139	102	106	218	226	238	246	144	146	277	279	166	166	235	259	182	182	150	150	171	202	173	173	206	208	153	171	188	192	264	272	261	261	207	209
Antarctica	F	197	201	115	119	222	234	137	145	98	106	224	228	246	250	146	146	265	267	166	166	255	259	182	182	152	154	175	205	175	175	200	202	171	179	192	199	272	276	261	261	205	207
Antarctica	M	185	193	123	123	194	210	137	139	106	106	220	226	242	254	146	146	267	275	162	175	237	265	182	182	152	152	171	199	173	173	200	206	171	171	192	192	264	272	252	252	203	203
Antarctica	M	197	197	127	135	226	234	137	139	98	114	218	226	246	246	144	146	265	265	162	162	237	265	182	184	150	150	195	195	173	175	200	206	171	181	192	199	267	280	252	252	207	209
Antarctica	F	193	197	95	127	194	202	137	143	100	106	226	226	234	258	148	154	265	275	162	198	249	259	182	184	150	150	201	205	173	175	196	200	177	185	199	199	267	272	252	252	209	209
Antarctica	M	189	193	119	123	222	222	139	145	106	112	224	224	234	258	146	146	265	265	168	189	237	269	182	182	150	150	169	195	173	175	196	206	153	173	184	195	268	272	261	261	203	209
Antarctica	M	169	193	127	131	222	230	141	143	108	116	212	222	242	270	142	144	267	277	162	168	255	263	182	184	150	156	205	205	173	175	200	206	175	181	184	192	264	268	252	261	207	209
Antarctica	F	197	201	123	123	230	238	141	143	106	106	226	228	242	250	146	148	265	267	162	175	249	255	182	182	152	152	169	194	173	173	200	206	171	179	192	192	268	272	252	261	209	209
Antarctica	M	189	197	119	127	210	230	137	139	108	116	224	226	242	250	144	154	265	279	162	168	235	255	184	184	150	154	171	201	173	173	206	206	153	171	192	192	247	268	252	261	207	209
Antarctica	F	197	201	127	127	230	290	141	145	102	116	218	226	242	250	144	144	257	265	162	168	237	255	182	182	150	150	195	201	173	173	200	206	153	183	199	199	272	276	252	261	207	209
Antarctica	M	189	193	123	127	230	242	137	143	106	112	226	226	246	258	146	148	275	281	162	162	249	255	184	184	150	152	199	205	173	173	200	206	169	171	184	192	268	272	252	261	201	207
Antarctica	M	193	197	119	127	206	230	139	143	106	106	226	226	238	246	144	146	273	275	162	168	255	257	182	184	152	154	201	205	173	173	206	206	153	183	184	188	272	272	252	261	207	209
Antarctica	F	193	201	131	131	230	230	143	145	106	108	222	226	242	250	144	154	265	269	162	172	237	261	182	184	150	154	199	206	173	173	206	206	153	153	184	192	256	272	252	261	209	209
Antarctica	F	201	201	123	127	230	230	139	143	98	106	226	228	246	250	142	144	257	257	162	162	255	259	182	182	150	152	196	205	173	173	206	206	153	183	184	199	264	272	252	252	209	209
Antarctica	M	193	201	123	127	222	286	137	143	102	106	226	226	234	246	144	144	257	281	162	166	255	257	182	182	150	152	194	205	173	173	206	206	153	171	184	184	260	272	261	261	207	209
Antarctica	F	193	193	127	127	234	234	137	139	106	108	208	214	242	246	144	144	257	265	162	162	261	265	184	184	150	152	201	201	173	173	206	206	153	153	192	192	268	272	252	261	201	209
Antarctica	M	185	201	127	127	198	198	137	139	98	108	226	226	246	250	148	148	257	281	166	166	237	261	182	184	152	152	173	201	173	173	206	206	153	171	184	184	268	272	261	261	209	209
Australia	M	185	201	119	127	198	206	139	143	106	106	222	226	250	250	146	148	265	265	162	180	255	263	182	184	150	152	173	207	173	173	206	206	153	169	184	192	268	272	252	261	203	209
Australia	F	169	185	123	127	194	230	143	145	102	106	226	226	242	246	144	148	265	281	162	168	237	237	184	184	150	152	201	205	173	175	206	208	171	171	192	192	272	276	261	261	203	209
Australia	F	189	205	123	123	226	234	139	145	106	106	226	226	246	246	144	146	275	275	162	166	261	265	182	182	150	154	173	207	173	173	206	206	169	171	184	192	268	272	252	261	209	209
Australia	F	189	193	123	127	226	226	137	143	102	106	226	226	242	246	148	154	265	265	162	166	255	265	182	182	150	152	194	205	173	175	206	206	153	171	184	195	272	276	252	252	203	209
Australia	F	193	193	119	127	234	242	139	143	106	108	222	226	242	242	146	148	265	281	162	168	237	261	182	184	150	152	199	201	173	173	202	206	171	181	184	192	272	276	261	261	201	209
Australia	F	201	201	123	127	226	226	139	143	106	106	226	226	242	254	144	146	265	265	162	162	253	255	182	182	152	152	173	205	173	173	206	206	171	173	184	192	256	272	252	261	203	209
Australia	F	193	197	127	127	194	206	137	143	106	108	226	226	242	246	144	146	265	275	166	168	237	263	184	184	150	152	201	207	173	173	202	206	153	169	184	192	268	276	252	261	203	209
Australia	F	189	193	95	123	234	286	137	139	106	106	226	226	242	246	146	148	257	265	162	166	261	265	184	184	150	150	201	201	173	173	202	206	153	153	192	195	268	272	252	252	207	207
Australia	M	193	197	95	95	198	286	139	143	102	106	226	228	246	246	144	146	265	277	168	168	259	261	182	182	150	150	173	201	173	173	202	202	153	171	184	192	272	272	252	261	207	209
Australia	M	197	201	123	123	198	222	143	143	98	108	224	226	242	246	144	154	265	281	162	166	259	265	182	184	150	152	173	201	173	173	202	206	171	171	184	192	264	276	261	261	207	209
Australia	F	185	205	127	131	222	222	135	143	106	106	214	224	246	246	144	146	257	281	168	168	255	255	182	182	150	154	173	199	173	173	202	206	153	179	192	199	272	280	261	261	209	209
Australia	F	169	185	123	131	222	226	143	145	98	108	226	226	242	246	144	144	265	265	162	162	255	255	182	182	150	152	173	196	173	175	206	206	153	173	192	192	272	276	252	252	207	209
Australia	M	193	201	95	123	218	222	143	145	98	106	214	226	242	250	144	144	265	281	166	166	259	267	182	184	150	152	198	207	173	173	202	206	153	153	184	192	272	272	261	261	209	209
Australia	F	165	193	95	131	226	286	139	145	102	108	224	226	246	250	144	144	257	265	162	168	237	237	182	184	150	152	205	207	173	173	202	206	153	173	184	192	276	276	252	252	209	209
Australia	F	185	197	127	127	218	226	139	143	102	106	226	226	242	246	144	146	265	265	162	166	237	237	182	184	152	152	171	173	173	173	202	206	153	153	192	192	272	276	252	261	201	209
Australia	M	189	193	123	127	226	238	139	143	98	98	224	226	242	246	144	148	257	265	162	162	253	255	182	184	152	152	196	201	173	173	206	206	153	153	184	184	268	272	252	261	209	209
Australia	M	185	185	127	127	222	286	135	137	106	106	224	226	246	246	146	146	257	265	162	162	237	265	182	182	152	154	173	205	173	173	206	206	153	171	192	199	260	276	252	261	203	209
Australia	M	189	193	123	127	206	242	143	143	98	108	206	224	246	250	144	146	257	265	162	168	253	263	182	184	150	150	173	201	173	173	206	206	153	153	184	192	276	276	252	252	203	209
Australia	F	201	205	95	127	218	230	143	145	106	106	226	226	246	250	144	146	257	279	162	168	255	255	182	182	152	152	195	205	173	173	202	206	153	153	184	184	260	276	252	261	209	209
Australia	M	193	201	123	123	198	198	135	143	106	108	224	224	242	246	144	148	257	265	162	168	255	259	182	182	150	152	173	205	173	175	206	206	171	171	192	192	272	272	261	261	203	203
Australia	F	185	197	127	127	222	226	139	139	102	108	226	226	246	246	144	146	265	277	162	166	255	255	182	182	150	152	173	201	173	173	206	206	153	171	192	195	276	276	261	261	209	209
Australia	M	189	201	127	127	226	282	143	143	106	106	224	226	242	246	146	148	265	279	162	166	237	245	182	182	152	152	173	201	173	173	202	206	153	175	184	195	272	272	252	261	201	209
Australia	F	185	193	123	127	194	230	143	143	106	106	224	226	234	242	144	146	265	265	168	168	255	263	182	184	150	152	199	207	173	173	206	206	153	171	192	192	276	280	261	261	207	209
Australia	F	193	205	123	127	226	226	139	145	98	106	224	226	246	250	144	144	265	281	162	168	237	255	182	184	152	152	199	205	173	175	206	206	153	181	184	199	268	272	252	252	203	209
Australia	M	193	197	123	127	222	226	139	145	108	108	226	226	234	242	144	146	265	265	162	166	255	263	182	184	150	150	199	205	173	173	202	206	153	171	192	199	256	276	252	261	201	209
Australia	M	189	193	123	127	198	234	137	143	106	116	224	226	242	246	144	146	257	257	162	162	265	267	182	182	150	152	173	201	173	173	206	206	153	171	192	192	272	272	261	261	201	209
Australia	M	193	197	95	127	226	234	143	145	106	106	226	226	242	246	142	146	279	279	162	168	255	265	182	182	152	152	197	201	173	173	206	206	171	179	184	195	276	280	252	252	209	209
Australia	F	193	201	123	127	222	226	143	143	102	108	224	224	250	250	144	146	257	281	168	168	237	257	182	182	150	154	196	205	173	173	206	206	153	179	192	192	272	276	252	261	203	209
Australia	M	189	201	95	127	222	226	135	145	98	116	214	228	242	246	144	146	265	265	162	168	237	255	182	182	150	152	197	199	173	173	206	206	153	169	192	192	268	276	252	252	203	209
Australia	F	193	201	127	127	198	198	139	139	98	106	226	226	242	250	144	144	257	265	168	168	255	265	182	182	150	152	201	201	173	175	206	206	179	181	184	192	264	272	252	252	201	201
Australia	F	189	193	123	131	222	286	143	145	102	106	222	226	242	250	144	146	257	265	162	162	255	255	182	182	150	150	201	207	173	173	206	206	153	153	192	192	268	276	252	261	203	209
Australia	M	189	197	127	127	198	218	139	139	102	116	224	228	246	250	144	146	265	265	162	166	255	255	182	184	152	154	173	201	173	173	206	206	153	173	192	192	272	272	252	261	201	203
Australia	F	185	197	95	127	226	234	143	143	102	106	226	226	246	246	144	148	275	279	162	168	255	265	184	184	150	152	201	205	173	173	206	206	153	175	184	192	272	272	261	261	209	209
Australia	M	197	201	127	127	198	198	137	139	106	106	226	226	246	250	142	144	265	265	162	166	255	255	184	184	152	152	196	201	173	173	202	206	153	179	184	192	256	272	252	261	207	209
Australia	F	189	193	119	123	194	230	143	145	106	106	224	226	246	246	144	146	257	265	162	168	237	255	182	184	152	152	173	205	173	173	206	206	153	181	184	192	272	276	261	261	207	209
Australia	F	201	201	123	123	230	234	137	143	102	108	226	226	234	242	144	148	257	279	162	162	237	257	182	182	152	152	197	205	173	173	206	206	153	153	184	192	272	280	261	261	209	209
Australia	M	189	193	123	127	234	234	143	145	102	106	226	226	246	246	144	144	265	265	168	168	237	263	182	182	150	152	194	201	173	173	206	206	153	153	184	192	268	272	252	261	207	209
Australia	F	185	189	95	127	226	234	137	143	106	116	226	226	246	246	142	148	265	275	166	168	237	257	182	182	152	152	201	205	173	173	206	206	153	153	184	192	272	276	252	261	203	209
Australia	M	193	201	99	127	222	230	143	145	106	108	224	226	246	250	144	144	265	273	162	162	259	265	184	184	150	152	173	201	173	173	202	206	153	153	192	192	276	280	261	261	203	207
Australia	F	185	201	123	127	198	226	139	139	98	98	226	228	242	246	144	144	265	265	166	168	255	259	182	184	150	152	201	205	173	175	206	206	153	171	192	192	272	272	252	261	209	209
Australia	F	185	193	99	127	226	234	139	139	106	108	226	226	246	246	144	148	265	281	166	166	255	261	182	182	150	152	199	201	173	173	206	206	169	171	184	192	256	264	261	261	209	209
Australia	M	193	197	127	127	226	234	137	143	106	108	224	224	246	246	144	144	265	281	166	168	255	255	184	184	152	152	199	201	173	173	206	206	153	171	192	195	264	280	252	261	209	209
Australia	F	201	201	123	127	230	286	139	145	106	116	224	226	242	242	144	154	257	265	162	166	237	265	182	184	152	152	205	205	173	173	206	206	153	153	184	192	272	272	252	261	209	209
Australia	F	201	205	95	127	218	222	137	139	106	108	214	226	246	250	144	146	257	265	162	168	255	265	182	184	152	152	196	201	173	173	206	206	153	173	184	199	268	276	252	252	209	209
Australia	F	193	201	127	127	198	218	139	143	106	116	226	226	246	246	146	146	265	279	162	162	237	265	182	184	150	150	163	205	173	173	206	206	153	173	192	195	268	272	261	261	203	209
Australia	F	193	193	127	127	222	226	139	143	98	98	226	226	242	246	144	144	281	281	162	162	255	263	182	182	150	152	194	207	173	173	206	206	179	183	192	192	272	272	261	261	201	201
Australia	F	201	201	127	127	222	234	143	143	106	108	226	228	246	246	144	144	265	281	162	166	255	255	182	182	152	154	196	201	173	173	206	206	153	171	184	195	276	276	252	252	201	203
Australia	U	189	193	123	127	222	226	137	143	102	116	226	226	246	250	144	146	265	281	162	166	255	255	182	184	152	152	196	201	173	175	206	206	153	153	184	184	268	276	252	261	209	209
Australia	M	193	201	123	127	222	226	139	143	106	106	224	226	246	246	146	146	257	281	162	166	255	265	182	184	152	152	196	207	173	173	206	206	153	171	184	199	272	276	261	261	207	209
Australia	F	185	197	127	131	234	282	139	145	102	106	224	228	246	246	146	146	257	257	162	166	255	265	182	184	150	152	173	205	173	173	206	206	153	181	192	195	260	276	252	261	209	209
Australia	M	189	201	119	127	226	226	143	145	98	98	226	226	246	250	144	146	265	265	162	168	255	259	182	182	150	150	201	205	173	173	206	206	153	169	192	192	268	272	252	261	201	209
Australia	F	197	201	95	123	282	286	139	143	98	106	226	228	234	250	144	148	265	281	166	168	237	259	182	184	152	152	173	205	173	173	206	206	173	183	184	199	268	272	252	261	201	201
Australia	F	197	201	119	127	198	286	143	145	106	116	226	226	246	250	144	146	265	265	166	168	255	265	184	184	150	152	199	206	173	173	206	206	173	179	184	184	272	272	261	261	203	209
Australia	M	185	197	99	131	230	230	139	143	102	108	226	226	246	246	146	146	265	265	162	162	237	261	182	184	150	150	205	207	173	173	206	206	153	181	184	192	272	272	252	261	209	209
Australia	M	189	197	123	127	222	230	143	143	106	116	226	226	242	246	144	146	265	279	162	168	237	257	182	184	150	152	173	199	173	173	206	206	171	171	192	192	268	272	252	252	209	209
Australia	M	201	201	95	127	226	226	143	143	106	106	208	226	242	246	146	146	265	281	166	168	255	261	184	184	152	152	197	201	173	173	206	206	153	171	184	192	264	272	252	252	209	209
Australia	M	197	201	95	127	198	230	143	143	98	106	224	226	246	246	146	148	265	265	162	168	245	259	182	182	150	152	201	201	173	173	206	206	153	153	192	199	272	272	261	261	201	209
Australia	F	189	189	127	127	222	234	143	143	106	108	226	226	246	250	144	144	265	281	162	168	255	257	182	184	150	152	173	196	173	173	206	206	153	171	192	195	272	272	252	261	203	209
Australia	F	193	197	127	127	222	230	143	145	102	106	214	226	246	250	144	146	257	265	162	166	237	265	182	182	152	152	173	173	173	173	206	206	153	173	192	192	272	272	252	261	207	209
Australia	F	193	193	127	127	226	234	143	143	106	106	224	226	234	246	144	146	265	265	162	168	255	265	182	182	152	152	199	205	173	173	202	206	153	153	192	192	276	276	252	252	203	209
Australia	M	185	193	127	127	222	226	143	145	98	106	214	226	246	250	144	146	257	281	162	168	255	265	182	182	150	152	173	201	173	173	202	206	153	153	192	199	272	272	261	261	203	209
Australia	M	169	189	123	127	226	230	143	143	98	108	224	224	246	250	144	144	265	279	166	168	255	265	182	182	150	152	173	207	173	173	206	206	153	153	184	184	272	272	252	261	207	209
Australia	M	189	201	127	127	282	286	139	139	102	106	226	226	246	250	146	148	265	265	162	162	237	255	182	184	152	152	196	206	173	173	206	206	153	171	184	192	272	276	261	261	209	209
Australia	F	197	201	95	127	230	234	143	143	108	116	226	226	246	246	144	148	265	279	166	168	255	263	182	182	150	150	201	201	173	173	206	206	153	171	184	195	256	272	261	261	201	203
Australia	F	185	193	127	127	194	226	139	143	106	106	226	226	246	246	144	144	257	265	162	166	237	261	184	184	150	150	173	173	173	173	202	206	153	153	184	195	272	272	252	252	201	203
Australia	F	185	189	127	127	218	230	139	143	106	108	214	226	246	250	144	148	257	279	162	166	237	237	182	182	150	152	163	196	173	173	202	206	153	171	192	192	272	276	252	261	209	209
Australia	F	185	201	127	127	218	222	139	143	106	108	214	226	246	246	146	146	257	257	162	166	237	257	182	184	150	152	201	205	173	173	206	206	153	171	184	192	272	276	261	261	201	209
Australia	M	201	201	95	127	222	234	143	143	106	108	214	228	242	246	146	146	265	279	162	166	265	265	184	184	150	152	199	201	173	173	202	206	171	181	192	192	272	276	261	261	209	209
Australia	F	189	201	95	127	230	234	139	139	106	106	226	226	242	250	144	144	257	265	162	168	255	265	182	182	150	150	173	201	173	173	206	206	173	181	184	192	272	276	261	261	203	209
Australia	M	185	201	127	127	230	230	143	145	106	106	226	226	246	250	144	144	257	273	162	166	255	259	184	184	150	152	201	207	173	173	206	206	171	183	184	192	272	272	261	261	209	209
Australia	F	189	193	123	127	226	230	143	143	108	116	226	228	234	246	148	148	257	265	162	162	255	255	182	182	152	152	196	207	173	173	202	206	153	153	184	192	268	276	252	261	209	209
Australia	F	193	201	127	127	222	222	139	145	102	106	224	224	242	246	144	146	265	265	162	166	255	255	182	182	150	150	173	205	173	173	206	206	153	179	184	192	272	272	252	252	201	209
Australia	M	193	193	127	127	226	234	143	143	106	116	224	226	246	246	144	146	257	265	162	166	257	265	182	184	150	152	205	205	173	173	202	206	153	153	192	192	272	276	252	261	209	209
Australia	M	193	193	127	127	198	230	143	145	106	108	224	226	234	246	144	144	257	265	162	162	259	261	182	184	150	152	199	205	173	173	206	206	169	171	184	184	272	276	252	261	209	209
Australia	M	201	201	95	127	226	230	139	143	108	108	224	226	246	246	144	146	257	265	168	168	253	265	182	182	152	152	201	201	173	173	206	206	153	153	184	195	264	272	252	261	203	209
Australia	F	201	201	127	127	218	222	143	145	106	108	226	228	242	250	144	146	265	281	166	168	237	237	182	182	150	152	173	201	173	173	206	206	153	179	184	192	272	276	261	261	209	209
Australia	F	197	201	119	127	222	230	139	143	98	102	226	226	246	250	146	148	257	265	166	168	259	265	182	182	150	152	173	205	173	173	206	206	153	153	192	195	268	272	261	261	209	209
Australia	M	193	193	127	127	194	226	143	145	98	108	226	226	246	246	144	148	265	265	166	166	255	261	182	184	152	154	201	201	173	173	206	206	153	153	192	192	272	276	252	261	209	209
Australia	F	189	201	123	123	226	286	139	145	98	106	224	226	246	250	144	144	265	275	162	166	237	259	182	184	152	152	201	205	173	173	206	206	153	181	192	192	272	280	261	261	203	209
Australia	M	193	201	95	123	226	230	143	145	102	108	226	226	242	250	146	148	265	281	162	168	245	265	182	184	152	152	201	205	173	173	206	206	153	153	184	192	272	276	252	261	209	209
Australia	F	189	201	127	127	226	234	143	145	106	108	226	226	234	246	144	146	257	257	162	168	237	265	182	182	150	150	201	205	173	173	206	206	153	153	184	192	268	268	261	261	203	209
Australia	M	185	201	95	127	226	234	145	145	98	106	214	226	242	246	144	148	257	265	162	166	255	265	182	184	152	152	201	205	173	173	206	206	153	153	192	195	276	276	261	261	207	209
Australia	M	201	201	127	127	198	222	143	145	106	106	214	226	246	246	144	146	265	265	162	168	265	265	182	182	150	152	199	205	173	173	206	206	153	171	184	199	268	280	252	261	203	209
Australia	F	189	201	123	127	226	230	143	145	106	108	206	228	246	246	144	148	257	265	162	166	259	259	184	184	152	152	173	205	173	173	206	206	153	153	192	195	272	272	252	261	203	209
Australia	M	201	201	95	123	222	286	143	145	106	108	224	226	246	250	144	146	265	273	162	168	259	265	182	182	150	152	173	205	173	173	202	206	153	153	184	192	272	272	261	261	203	209
Australia	F	185	201	123	127	198	230	139	143	102	116	226	226	246	250	144	144	265	265	162	162	237	255	182	184	150	152	199	199	173	173	206	206	171	181	184	192	272	276	252	252	203	203
Australia	F	201	201	123	127	230	282	139	143	98	106	226	226	246	246	148	148	279	279	162	162	255	259	182	184	150	152	173	205	173	173	206	206	153	171	192	195	272	276	261	261	201	209
Australia	M	197	201	127	127	230	230	139	143	102	106	226	228	246	250	144	144	281	281	166	168	255	265	182	184	150	152	173	207	173	173	206	206	153	169	184	184	272	276	252	261	201	209
Australia	F	189	201	123	127	282	286	139	143	98	102	226	226	234	246	144	148	265	265	166	166	259	265	184	184	150	152	201	205	173	173	206	206	153	173	184	184	268	276	252	252	201	209
Australia	M	193	201	127	127	226	286	139	143	98	102	226	226	242	246	144	146	257	265	162	162	237	265	182	182	150	152	173	201	173	173	206	206	153	181	184	192	272	272	252	261	209	209
Australia	F	201	201	127	127	234	286	143	143	106	106	226	226	234	246	144	146	265	281	166	168	237	265	184	184	150	152	201	201	173	173	202	206	171	171	192	192	272	272	252	261	209	209
Australia	F	185	201	127	127	230	286	143	143	106	108	226	226	246	250	146	146	265	279	162	162	253	265	182	184	150	152	173	205	173	173	206	206	153	153	184	192	272	276	261	261	209	209
Australia	F	193	201	95	127	222	222	143	143	98	106	226	226	246	246	144	144	257	265	162	168	255	255	182	184	152	152	173	196	173	173	206	206	153	173	184	192	268	272	261	261	203	203
Australia	F	189	201	127	127	218	230	145	145	102	106	226	226	246	246	146	146	265	265	162	162	265	265	182	184	152	152	173	205	173	173	206	206	153	153	192	192	272	272	261	261	209	209
Australia	M	193	201	95	123	218	234	143	143	102	108	214	226	250	250	144	144	265	279	162	166	255	255	182	182	150	152	196	196	173	173	206	206	153	153	184	184	268	272	261	261	201	209
Australia	M	189	201	127	127	226	230	143	145	98	106	226	226	246	250	146	148	265	265	162	168	265	265	184	184	152	152	199	199	173	173	206	206	153	153	184	184	272	276	261	261	209	209
Australia	F	201	205	127	127	222	226	143	143	98	106	226	226	246	246	144	148	265	279	162	166	257	265	182	184	150	152	205	205	173	173	206	206	153	153	184	192	272	276	261	261	201	209
Australia	M	189	201	95	123	198	286	143	145	102	108	226	226	246	246	144	148	279	281	162	168	237	259	182	184	152	152	201	205	173	173	206	206	153	181	184	184	256	276	261	261	209	209
Australia	M	193	201	127	127	222	226	139	143	106	106	224	226	242	246	144	146	257	265	162	168	237	261	182	182	150	152	199	201	173	173	202	202	153	153	184	184	272	276	252	261	201	209
Australia	M	201	201	123	127	226	230	143	145	98	106	224	226	234	246	146	148	265	265	166	168	255	261	182	182	152	152	201	201	173	173	206	206	153	153	184	192	268	280	261	261	209	209
Australia	F	201	201	95	123	198	286	143	143	102	116	224	224	242	250	144	144	265	281	166	166	255	259	182	184	150	150	173	201	173	173	206	206	153	169	184	192	268	276	252	252	209	209
Australia	M	193	197	127	127	226	226	143	145	106	106	224	226	250	250	144	148	265	265	162	166	255	261	184	184	150	152	201	201	173	173	206	206	153	171	192	192	272	276	252	252	203	209
Australia	M	169	193	123	123	222	226	143	145	102	106	226	226	246	250	146	148	265	279	162	168	255	261	184	184	152	152	199	201	173	173	206	206	153	153	184	192	256	276	252	252	201	203
Australia	M	193	193	95	127	218	218	143	145	108	116	224	224	246	246	144	144	265	265	162	162	255	265	182	182	152	152	201	205	173	173	206	206	153	181	184	184	272	276	261	261	203	209
Australia	M	201	201	127	127	218	230	143	145	106	108	224	226	246	250	144	148	265	281	162	166	261	265	182	184	150	150	173	196	173	173	206	206	153	153	184	192	272	272	261	261	203	209
Australia	F	189	205	123	123	226	282	139	145	108	116	206	226	246	246	144	148	265	281	166	166	255	259	184	184	152	152	201	205	173	173	206	206	153	153	184	195	268	272	252	261	203	209
Australia	F	193	201	127	131	198	230	139	143	98	106	226	226	242	246	146	146	257	265	162	166	237	259	182	184	152	152	173	201	173	173	206	206	153	153	184	192	268	272	252	252	201	209
Australia	M	197	201	123	127	198	286	143	143	102	106	226	226	242	250	144	148	265	265	166	168	253	259	182	182	152	152	163	201	173	173	206	206	153	153	184	184	272	276	261	261	201	209
Australia	F	189	193	127	127	222	234	143	143	98	106	226	226	246	246	146	148	265	265	162	162	265	265	182	184	150	152	201	201	173	173	202	206	153	171	184	192	272	276	261	261	209	209
